a_coeff_matrix:
0.49997 -0.00005 -0.00005 -0.00005 -0.00005 -0.00005 -0.00005 -0.00005 -0.00005 -0.00005
-0.00005 -0.00010 -0.00010 -0.00010 -0.00010 -0.00010 -0.00010 -0.00010 -0.00010 -0.00010
-0.00005 -0.00010 -0.00010 -0.00010 -0.00010 -0.00010 -0.00010 -0.00010 -0.00010 -0.00010
-0.00005 -0.00010 -0.00010 -0.00010 -0.00010 -0.00010 -0.00010 -0.00010 -0.00010 -0.00010
-0.00005 -0.00010 -0.00010 -0.00010 -0.00010 -0.00010 -0.00010 -0.00010 -0.00010 -0.00010
-0.00005 -0.00010 -0.00010 -0.00010 -0.00010 -0.00010 -0.00010 -0.00010 -0.00010 -0.00010
-0.00005 -0.00010 -0.00010 -0.00010 -0.00010 -0.00010 -0.00010 -0.00010 -0.00010 -0.00010
-0.00005 -0.00010 -0.00010 -0.00010 -0.00010 -0.00010 -0.00010 -0.00010 -0.00010 -0.00010
-0.00005 -0.00010 -0.00010 -0.00010 -0.00010 -0.00010 -0.00010 -0.00010 -0.00010 -0.00010
-0.00005 -0.00010 -0.00010 -0.00010 -0.00010 -0.00010 -0.00010 -0.00010 -0.00010 -0.00010


b_coeff_matrix:
0.00000 -0.14962 -0.00014 -0.00040 0.00028 0.00059 0.00088 -0.00056 0.00074 0.00098
0.60194 0.00000 0.00000 0.00000 0.00000 -0.00000 0.00000 0.00000 0.00000 0.00000
-0.00137 -0.00000 -0.00000 -0.00000 -0.00000 0.00000 0.00000 0.00000 -0.00000 -0.00000
0.11908 0.00000 0.00000 0.00000 0.00000 -0.00000 0.00000 0.00000 0.00000 0.00000
-0.00163 -0.00000 0.00000 -0.00000 0.00000 -0.00000 0.00000 0.00000 -0.00000 0.00000
0.00351 -0.00000 0.00000 0.00000 0.00000 0.00000 0.00000 -0.00000 0.00000 -0.00000
-0.00055 -0.00000 0.00000 0.00000 0.00000 0.00000 0.00000 0.00000 -0.00000 0.00000
-0.03135 0.00000 0.00000 0.00000 0.00000 0.00000 -0.00000 -0.00000 0.00000 -0.00000
0.00102 -0.00000 0.00000 -0.00000 -0.00000 -0.00000 -0.00000 0.00000 0.00000 -0.00000
-0.02652 0.00000 0.00000 0.00000 0.00000 0.00000 -0.00000 -0.00000 -0.00000 -0.00000


c_coeff_matrix:
0.00000 0.00000 0.00000 0.00000 0.00000 0.00000 0.00000 0.00000 0.00000 0.00000
0.00000 -0.00302 -0.00143 0.00293 -0.00123 -0.00213 0.00133 0.00230 0.00023 -0.00134
0.00000 -0.26746 -0.00016 -0.01094 0.00060 0.00061 0.00160 -0.00057 0.00162 0.00137
0.00000 -0.00057 -0.00107 0.00069 -0.00073 -0.00022 0.00056 0.00069 0.00020 -0.00042
0.00000 -0.18534 0.00016 -0.03503 0.00068 -0.00192 0.00123 0.00062 0.00189 0.00008
0.00000 0.00239 -0.00041 -0.00199 -0.00003 0.00207 -0.00057 -0.00133 0.00011 0.00075
0.00000 -0.08570 0.00056 -0.05805 0.00077 -0.00797 0.00088 0.00122 0.00201 -0.00097
0.00000 0.00348 0.00042 -0.00297 0.00049 0.00285 -0.00144 -0.00228 -0.00005 0.00135
0.00000 -0.00453 0.00088 -0.06539 0.00083 -0.01762 0.00073 -0.00022 0.00169 -0.00109
0.00000 0.00183 0.00117 -0.00145 0.00059 0.00143 -0.00160 -0.00149 -0.00027 0.00090


d_coeff_matrix:
0.00000 0.00000 0.00000 0.00000 0.00000 0.00000 0.00000 0.00000 0.00000 0.00000
0.00000 -0.00007 0.03434 0.00020 0.00061 0.00027 -0.00052 -0.00007 0.00070 0.00023
0.00000 -0.00067 0.00269 0.00009 -0.00228 0.00118 0.00199 -0.00050 -0.00162 -0.00057
0.00000 -0.00015 0.08868 0.00054 0.00497 0.00073 -0.00104 -0.00007 0.00159 0.00054
0.00000 -0.00116 0.00327 0.00025 -0.00269 0.00178 0.00240 -0.00066 -0.00212 -0.00085
0.00000 -0.00008 0.10742 0.00078 0.01610 0.00098 0.00006 0.00022 0.00134 0.00048
0.00000 -0.00136 0.00129 0.00042 -0.00086 0.00153 0.00088 -0.00035 -0.00121 -0.00069
0.00000 0.00018 0.08722 0.00087 0.03158 0.00102 0.00382 0.00073 0.00035 0.00007
0.00000 -0.00116 -0.00162 0.00045 0.00176 0.00065 -0.00142 0.00029 0.00039 -0.00017
0.00000 0.00058 0.04308 0.00085 0.04395 0.00097 0.01050 0.00116 -0.00010 -0.00048
